-36.8 174.7 Auckland 
-41.29 174.78 Wellington 
-43.53 172.628 Christchurch 
-37.7876 175.2789 Hamilton 
-45.87876 170.50285 Dunedin 
-37.687623 176.165983 Tauranga 
40.73061 -73.935242 New York City 
34.052235 -118.243683 Los Angeles 
48.856614 2.352222 Paris 
51.507222 -0.127647 London 
40.0 40.0
-5.0 -50.0
-10.0 -80.0
80.0 10.0
47.606000 -122.332111 Seattle 
29.950000 31.116667
-43.589847 -79.386328
43.589847 79.386328
29.950000 31.116667
51.503050 -0.127900
-20.666667 -40.333333